Número de items: 10000
Limite de peso: 431

ITEM                 PESO      VALOR
-------------- ---------- ----------
8487                   27        400
5292                   26        400
5691                   26        400
5524                   25        399
534                    24        400
2585                   24        399
6811                   24        399
6901                   24        399
2370                   23        399
2892                   23        397
5365                   23        396
6281                   23        396
7073                   23        396
7648                   23        394
6706                   23        393
8562                   23        393
9698                   23        393
7290                   23        392
               ---------- ----------
                      430       7145
               ========== ==========
